0 0 0 0 0 -0.763377 0.645953
-0.561566 -3.34658 0 0 0 -0.762572 0.646903
-1.11461 -6.69345 0 0 0 -0.762437 0.647063
-1.66805 -10.0514 0 0 0 -0.72051 0.693445
-1.77726 -12.9029 0 0 0 -0.719473 0.69452
-1.87794 -15.7547 0 0 0 -0.687839 0.725864
-1.71315 -18.8158 0 0 0 -0.687839 0.725864
-1.54835 -21.8769 0 0 0 -0.652202 0.758045
-1.05769 -25.1273 0 0 0 -0.651236 0.758875
-0.558501 -28.378 0 0 0 -0.599268 0.800548
0.377767 -31.5664 0 0 0 -0.599689 0.800233
1.31364 -34.7659 0 0 0 -0.545495 0.838114
2.59302 -37.6553 0 0 0 -0.544479 0.838774
3.88092 -40.5449 0 0 0 -0.500629 0.865662
5.37527 -43.1419 0 0 0 -0.500434 0.865775
6.87774 -45.7503 0 0 0 -0.447582 0.894243
8.61222 -48.067 0 0 0 -0.447582 0.894243
10.3467 -50.3836 0 0 0 -0.387261 0.92197
12.355 -52.4321 0 0 0 -0.38855 0.921427
14.3629 -54.4917 0 0 0 -0.322107 0.946703
16.4964 -56.1336 0 0 0 -0.323691 0.946163
18.6295 -57.7866 0 0 0 -0.273048 0.962
20.5572 -58.9768 0 0 0 -0.274194 0.961674
22.4931 -60.1783 0 0 0 -0.240964 0.970534
23.9328 -60.9402 0 0 0 -0.240964 0.970534
25.3726 -61.7021 0 0 0 -0.250842 0.968028
26.5685 -62.3665 0 0 0 -0.250842 0.968028
27.7644 -63.0309 0 0 0 -0.295792 0.955252
29.0299 -63.8978 0 0 0 -0.2987 0.954347
30.295 -64.7757 0 0 0 -0.363573 0.931566
31.5999 -65.9772 0 0 0 -0.365775 0.930703
32.9043 -67.1899 0 0 0 -0.474759 0.880116
33.7864 -68.532 0 0 0 -0.476506 0.879171
34.6681 -69.8853 0 0 0 -0.616018 0.787732
34.9966 -71.2079 0 0 0 -0.613652 0.789577
35.3336 -72.5308 0 0 0 -0.727118 0.686513
35.2673 -73.6839 0 0 0 -0.72458 0.689191
35.2095 -74.8373 0 0 0 -0.76474 0.644339
35.0593 -75.7097 0 0 0 -0.761655 0.647983
34.9176 -76.5825 0 0 0 -0.775059 0.631889
34.7838 -77.2332 0 0 0 -0.770229 0.637767
34.6581 -77.8954 0 0 0 -0.861329 0.508048
34.2846 -78.5711 0 0 0 -0.85969 0.510816
33.9108 -79.2578 0 0 0 -0.907621 0.41979
33.6083 -79.6138 0 0 0 -0.90456 0.426346
33.3054 -79.9808 0 0 0 -0.904562 0.426341
33.0025 -80.3479 0 0 0 -0.931415 0.363958
31.6451 -81.5998 0 0 0 -0.931416 0.363956
30.2878 -82.8518 0 0 0 -0.941038 0.338301
28.1974 -84.5779 0 0 0 -0.940684 0.339284
26.1155 -86.3042 0 0 0 -0.937322 0.348466
23.864 -88.2468 0 0 0 -0.936981 0.349381
21.621 -90.1896 0 0 0 -0.913085 0.407768
19.8545 -92.1604 0 0 0 -0.912031 0.41012
18.0962 -94.1426 0 0 0 -0.846308 0.532694
17.0376 -96.3495 0 0 0 -0.845455 0.534046
15.9876 -98.5567 0 0 0 -0.752988 0.658035
15.6991 -100.691 0 0 0 -0.752987 0.658035
15.4106 -102.825 0 0 0 -0.631346 0.775501
15.7165 -104.302 0 0 0 -0.629907 0.776671
16.0306 -105.791 0 0 0 -0.506789 0.86207
16.5037 -106.641 0 0 0 -0.503564 0.863958
16.9853 -107.491 0 0 0 -0.370584 0.928799
17.6784 -108.149 0 0 0 -0.371866 0.928286
18.3795 -108.818 0 0 0 -0.333766 0.942656
19.4987 -109.724 0 0 0 -0.409527 0.912298
19.917 -110.195 0 0 0 -0.405095 0.914274
20.3437 -110.665 0 0 0 -0.4456 0.895232
20.7837 -111.247 0 0 0 -0.449842 0.893108
21.2232 -111.841 0 0 0 -0.413526 0.910492
21.4936 -112.15 0 0 0 -0.421756 0.906709
21.7637 -112.471 0 0 0 -0.421761 0.906707
22.0338 -112.791 0 0 0 -0.415006 0.909819
22.3124 -113.112 0 0 0 -0.325561 0.945521
22.8932 -113.566 0 0 0 -0.325558 0.945522
23.4741 -114.02 0 0 0 -0.255022 0.966935
24.1847 -114.423 0 0 0 -0.260808 0.965391
24.8948 -114.837 0 0 0 -0.222298 0.974979
25.8172 -115.28 0 0 0 -0.227121 0.973867
26.7391 -115.735 0 0 0 -0.219453 0.975623
27.9551 -116.311 0 0 0 -0.223134 0.974788
29.1708 -116.899 0 0 0 -0.233246 0.972418
30.4608 -117.555 0 0 0 -0.232045 0.972705
31.7593 -118.212 0 0 0 -0.239932 0.97079
32.8225 -118.772 0 0 0 -0.242453 0.970163
33.8938 -119.343 0 0 0 -0.257241 0.966347
34.6376 -119.769 0 0 0 -0.262742 0.964866
35.3811 -120.207 0 0 0 -0.301582 0.95344
35.8969 -120.569 0 0 0 -0.298102 0.954534
36.4213 -120.932 0 0 0 -0.330399 0.943841
36.9604 -121.362 0 0 0 -0.326953 0.945041
37.508 -121.793 0 0 0 -0.34696 0.93788
37.9135 -122.14 0 0 0 -0.346955 0.937882
38.3191 -122.488 0 0 0 -0.333068 0.942903
39.3554 -123.324 0 0 0 -0.33307 0.942902
40.3918 -124.161 0 0 0 -0.346314 0.938119
41.9644 -125.505 0 0 0 -0.348276 0.937392
43.5367 -126.861 0 0 0 -0.375317 0.926897
45.4413 -128.706 0 0 0 -0.375317 0.926896
47.3459 -130.55 0 0 0 -0.418327 0.908297
49.0901 -132.59 0 0 0 -0.418327 0.908297
50.8344 -134.629 0 0 0 -0.484615 0.874727
52.1419 -136.719 0 0 0 -0.484466 0.87481
53.4576 -138.821 0 0 0 -0.56969 0.821859
54.2213 -140.859 0 0 0 -0.569013 0.822329
54.9931 -142.908 0 0 0 -0.643713 0.765267
55.3545 -144.988 0 0 0 -0.643714 0.765266
55.716 -147.067 0 0 0 -0.679498 0.733678
55.8854 -149.273 0 0 0 -0.678304 0.734781
56.0629 -151.49 0 0 0 -0.658003 0.753016
56.3604 -153.689 0 0 0 -0.656578 0.754258
56.6665 -155.889 0 0 0 -0.53987 0.841748
57.5216 -157.752 0 0 0 -0.538309 0.842748
58.3852 -159.616 0 0 0 -0.342024 0.939691
60.3479 -161.263 0 0 0 -0.343626 0.939107
62.3103 -162.921 0 0 0 -0.23371 0.972306
65.7026 -164.652 0 0 0 -0.23325 0.972417
69.1034 -166.383 0 0 0 -0.177191 0.984176
73.5893 -168.052 0 0 0 -0.177998 0.984031
78.0834 -169.733 0 0 0 -0.139599 0.990208
83.1903 -171.202 0 0 0 -0.140409 0.990094
88.3053 -172.683 0 0 0 -0.103279 0.994652
93.8409 -173.845 0 0 0 -0.103151 0.994666
99.3851 -175.007 0 0 0 -0.050158 0.998741
105.163 -175.589 0 0 0 -0.051063 0.998695
110.949 -176.182 0 0 0 0.0301689 0.999545
116.751 -175.832 0 0 0 0.0292187 0.999573
122.553 -175.492 0 0 0 0.14397 0.989582
127.965 -173.883 0 0 0 0.143969 0.989582
133.376 -172.275 0 0 0 0.216993 0.976173
138.258 -169.992 0 0 0 0.216641 0.976251
143.147 -167.709 0 0 0 0.161964 0.986797
147.739 -166.16 0 0 0 0.161964 0.986797
152.33 -164.611 0 0 0 -0.0188522 0.999822
156.962 -164.786 0 0 0 -0.0200435 0.999799
161.603 -164.972 0 0 0 -0.191829 0.981428
166.243 -166.858 0 0 0 -0.192849 0.981228
170.883 -168.755 0 0 0 -0.27286 0.962054
175.373 -171.525 0 0 0 -0.272476 0.962163
179.871 -174.295 0 0 0 -0.286437 0.958099
184.163 -177.113 0 0 0 -0.286026 0.958222
188.463 -179.931 0 0 0 -0.287299 0.957841
192.488 -182.584 0 0 0 -0.288239 0.957558
196.512 -185.249 0 0 0 -0.30984 0.950789
200.419 -188.098 0 0 0 -0.310272 0.950648
204.334 -190.958 0 0 0 -0.317476 0.948266
208.338 -193.977 0 0 0 -0.317017 0.94842
212.349 -196.996 0 0 0 -0.289964 0.957038
216.64 -199.859 0 0 0 -0.290424 0.956898
220.938 -202.733 0 0 0 -0.243495 0.969902
225.599 -205.23 0 0 0 -0.244408 0.969672
230.26 -207.739 0 0 0 -0.190926 0.981604
235.229 -209.748 0 0 0 -0.19066 0.981656
240.206 -211.757 0 0 0 -0.136287 0.990669
245.373 -213.206 0 0 0 -0.136289 0.990669
250.54 -214.656 0 0 0 -0.106125 0.994353
255.77 -215.785 0 0 0 -0.105986 0.994368
261.008 -216.914 0 0 0 -0.111936 0.993715
266.193 -218.097 0 0 0 -0.112804 0.993617
271.387 -219.292 0 0 0 -0.144408 0.989518
276.289 -220.754 0 0 0 -0.1442 0.989549
281.2 -222.216 0 0 0 -0.219344 0.975648
285.611 -224.305 0 0 0 -0.220026 0.975494
290.031 -226.406 0 0 0 -0.303406 0.952861
294.04 -229.247 0 0 0 -0.302954 0.953005
298.058 -232.089 0 0 0 -0.350432 0.936588
301.971 -235.494 0 0 0 -0.349949 0.936769
305.893 -238.899 0 0 0 -0.356635 0.934244
309.918 -242.497 0 0 0 -0.357373 0.933962
313.943 -246.105 0 0 0 -0.364386 0.931248
317.956 -249.814 0 0 0 -0.363916 0.931432
321.978 -253.522 0 0 0 -0.366767 0.930313
325.948 -257.229 0 0 0 -0.366771 0.930311
329.919 -260.936 0 0 0 -0.365086 0.930974
333.882 -264.609 0 0 0 -0.365812 0.930689
337.844 -268.293 0 0 0 -0.351316 0.936257
341.848 -271.79 0 0 0 -0.35132 0.936255
345.851 -275.287 0 0 0 -0.341279 0.939962
349.901 -278.674 0 0 0 -0.341278 0.939962
353.951 -282.061 0 0 0 -0.342057 0.939679
358 -285.46 0 0 0 -0.342834 0.939396
362.049 -288.869 0 0 0 -0.369039 0.929414
365.821 -292.425 0 0 0 -0.368537 0.929613
369.6 -295.98 0 0 0 -0.413617 0.910451
372.895 -299.752 0 0 0 -0.414305 0.910138
376.189 -303.535 0 0 0 -0.456189 0.889883
379.058 -307.525 0 0 0 -0.455582 0.890194
381.935 -311.515 0 0 0 -0.487402 0.873178
384.491 -315.661 0 0 0 -0.486765 0.873533
387.056 -319.807 0 0 0 -0.499294 0.866433
389.548 -324.106 0 0 0 -0.499807 0.866137
392.039 -328.416 0 0 0 -0.50408 0.863657
394.574 -332.905 0 0 0 -0.504566 0.863373
397.11 -337.405 0 0 0 -0.507386 0.861719
399.675 -342.029 0 0 0 -0.507258 0.861794
402.248 -346.664 0 0 0 -0.513508 0.858085
404.872 -351.557 0 0 0 -0.512938 0.858426
407.504 -356.449 0 0 0 -0.511653 0.859192
410.242 -361.501 0 0 0 -0.511105 0.859519
412.988 -366.554 0 0 0 -0.511746 0.859137
415.693 -371.549 0 0 0 -0.511617 0.859213
418.407 -376.556 0 0 0 -0.519452 0.8545
420.889 -381.343 0 0 0 -0.519882 0.854238
423.371 -386.142 0 0 0 -0.548445 0.836187
425.366 -390.734 0 0 0 -0.548845 0.835924
427.361 -395.337 0 0 0 -0.615008 0.788521
428.467 -399.743 0 0 0 -0.615008 0.788521
429.573 -404.148 0 0 0 -0.689559 0.72423
429.776 -408.289 0 0 0 -0.689641 0.724152
429.979 -412.44 0 0 0 -0.727326 0.686292
429.739 -416.564 0 0 0 -0.727326 0.686292
429.5 -420.689 0 0 0 -0.733937 0.679217
429.17 -424.933 0 0 0 -0.733937 0.679218
428.841 -429.176 0 0 0 -0.739306 0.673369
428.43 -433.572 0 0 0 -0.738657 0.674081
428.027 -437.969 0 0 0 -0.734609 0.678491
427.659 -442.6 0 0 0 -0.734609 0.678491
427.29 -447.231 0 0 0 -0.721797 0.692105
427.075 -452.356 0 0 0 -0.721219 0.692707
426.868 -457.493 0 0 0 -0.715752 0.698354
426.731 -463.044 0 0 0 -0.715752 0.698354
426.595 -468.594 0 0 0 -0.714237 0.699904
426.48 -474.245 0 0 0 -0.714249 0.699891
426.365 -479.907 0 0 0 -0.724931 0.688822
426.088 -485.319 0 0 0 -0.724922 0.688831
425.811 -490.742 0 0 0 -0.743829 0.66837
425.251 -495.967 0 0 0 -0.743241 0.669023
424.7 -501.202 0 0 0 -0.762013 0.647562
423.851 -506.394 0 0 0 -0.761405 0.648276
423.01 -511.597 0 0 0 -0.754855 0.655892
422.293 -516.683 0 0 0 -0.754856 0.655891
421.576 -521.768 0 0 0 -0.685036 0.728509
421.847 -526.166 0 0 0 -0.684426 0.729083
422.126 -530.576 0 0 0 -0.436392 0.899757
424.289 -533.319 0 0 0 -0.435554 0.900163
426.46 -536.062 0 0 0 -0.0463884 0.998923
430.31 -536.42 0 0 0 -0.0478216 0.998856
434.159 -536.79 0 0 0 0.118437 0.992962
438.605 -535.714 0 0 0 0.117027 0.993129
443.06 -534.649 0 0 0 0.134606 0.990899
447.865 -533.319 0 0 0 0.133557 0.991041
452.669 -532 0 0 0 0.13209 0.991238
457.378 -530.722 0 0 0 0.130756 0.991415
462.096 -529.456 0 0 0 0.145296 0.989388
466.5 -528.134 0 0 0 0.145289 0.989389
470.904 -526.812 0 0 0 0.162036 0.986785
475.313 -525.324 0 0 0 0.160615 0.987017
479.731 -523.847 0 0 0 0.160305 0.987068
484.158 -522.37 0 0 0 0.160299 0.987069
488.584 -520.894 0 0 0 0.118006 0.993013
492.643 -519.915 0 0 0 0.118005 0.993013
496.702 -518.936 0 0 0 -0.0259471 0.999663
500.056 -519.111 0 0 0 -0.0259471 0.999663
503.409 -519.285 0 0 0 -0.304389 0.952548
506.021 -521.144 0 0 0 -0.305063 0.952332
508.64 -523.014 0 0 0 -0.478107 0.878302
510.823 -526.391 0 0 0 -0.478103 0.878304
513.006 -529.768 0 0 0 -0.530241 0.847847
515.152 -534.177 0 0 0 -0.530694 0.847564
517.298 -538.597 0 0 0 -0.536393 0.843968
519.613 -543.534 0 0 0 -0.5362 0.844091
521.936 -548.483 0 0 0 -0.541052 0.840989
524.318 -553.711 0 0 0 -0.540496 0.841347
526.708 -558.94 0 0 0 -0.554672 0.832069
528.987 -564.409 0 0 0 -0.55413 0.83243
531.275 -569.878 0 0 0 -0.570566 0.821252
533.354 -575.462 0 0 0 -0.570023 0.821629
535.441 -581.047 0 0 0 -0.562416 0.826855
537.578 -586.455 0 0 0 -0.562412 0.826857
539.714 -591.864 0 0 0 -0.496631 0.867962
542.408 -596.448 0 0 0 -0.496633 0.867961
545.102 -601.032 0 0 0 -0.328246 0.944592
548.943 -604.067 0 0 0 -0.328246 0.944592
552.783 -607.103 0 0 0 -0.166308 0.986074
557.736 -608.823 0 0 0 -0.166313 0.986073
562.689 -610.542 0 0 0 -0.124132 0.992266
568.376 -611.988 0 0 0 -0.124137 0.992265
574.063 -613.433 0 0 0 -0.142358 0.989815
579.869 -615.139 0 0 0 -0.142186 0.98984
585.683 -616.844 0 0 0 -0.166105 0.986108
590.965 -618.675 0 0 0 -0.165889 0.986144
596.255 -620.507 0 0 0 -0.19155 0.981483
600.424 -622.199 0 0 0 -0.19237 0.981322
604.601 -623.902 0 0 0 -0.238513 0.971139
607.155 -625.237 0 0 0 -0.239574 0.970878
609.716 -626.583 0 0 0 -0.363938 0.931423
610.806 -627.588 0 0 0 -0.363911 0.931434
611.896 -628.593 0 0 0 -0.48308 0.875576
612.405 -629.4 0 0 0 -0.479873 0.877338
612.922 -630.207 0 0 0 -0.527608 0.849488
613.336 -631.044 0 0 0 -0.524232 0.851575
613.758 -631.881 0 0 0 -0.615464 0.788165
614.004 -632.867 0 0 0 -0.612288 0.790635
614.259 -633.854 0 0 0 -0.667617 0.744505
614.349 -634.68 0 0 0 -0.668308 0.743884
614.439 -635.516 0 0 0 -0.668308 0.743884
614.529 -636.352 0 0 0 -0.681797 0.731541
614.603 -637.399 0 0 0 -0.682214 0.731153
614.676 -638.458 0 0 0 -0.674528 0.738249
614.75 -639.271 0 0 0 -0.674553 0.738226
614.823 -640.085 0 0 0 -0.722519 0.691351
614.737 -642.037 0 0 0 -0.713229 0.700932
614.712 -643.458 0 0 0 -0.713229 0.700931
614.688 -644.88 0 0 0 -0.714386 0.699752
614.604 -648.943 0 0 0 -0.738582 0.674163
614.492 -650.161 0 0 0 -0.736087 0.676887
614.389 -651.391 0 0 0 -0.620818 0.783955
614.545 -652.052 0 0 0 -0.620776 0.783988
614.7 -652.713 0 0 0 -0.533564 0.84576
614.986 -653.312 0 0 0 -0.734143 0.678994
614.877 -654.708 0 0 0 -0.731965 0.681342
614.776 -656.115 0 0 0 -0.735087 0.677972
614.64 -657.799 0 0 0 -0.733277 0.67993
614.511 -659.495 0 0 0 -0.728264 0.685296
614.41 -661.169 0 0 0 -0.726477 0.687191
614.316 -662.854 0 0 0 -0.742621 0.669712
614.147 -664.481 0 0 0 -0.740872 0.671647
613.987 -666.109 0 0 0 -0.771837 0.635821
613.665 -667.764 0 0 0 -0.770255 0.637736
613.35 -669.419 0 0 0 -0.754505 0.656294
613.11 -671.133 0 0 0 -0.752878 0.65816
612.879 -672.847 0 0 0 -0.721351 0.69257
612.814 -674.445 0 0 0 -0.721345 0.692576
612.749 -676.053 0 0 0 -0.731319 0.682035
612.645 -677.538 0 0 0 -0.73124 0.68212
612.541 -679.035 0 0 0 -0.731965 0.681342
612.44 -680.442 0 0 0 -0.731876 0.681438
612.339 -681.861 0 0 0 -0.717451 0.696609
612.296 -683.303 0 0 0 -0.71746 0.696599
612.253 -684.757 0 0 0 -0.715512 0.698601
612.218 -686.245 0 0 0 -0.71555 0.698562
612.182 -687.743 0 0 0 -0.727341 0.686277
612.095 -689.24 0 0 0 -0.725396 0.688332
612.016 -690.737 0 0 0 -0.7351 0.677959
611.895 -692.233 0 0 0 -0.73498 0.678089
611.773 -693.74 0 0 0 -0.753722 0.657193
611.567 -695.243 0 0 0 -0.753477 0.657474
611.359 -696.758 0 0 0 -0.793315 0.608811
611.006 -698.079 0 0 0 -0.793312 0.608815
610.652 -699.4 0 0 0 -0.874884 0.484333
610.155 -700.193 0 0 0 -0.874884 0.484333
609.658 -700.987 0 0 0 0.999571 0.0292949
609.182 -700.959 0 0 0 0.999844 0.0176488
608.713 -700.942 0 0 0 0.843708 0.536803
608.349 -700.162 0 0 0 0.845311 0.534275
607.984 -699.394 0 0 0 0.804909 0.593398
607.601 -698.158 0 0 0 0.803063 0.595894
607.227 -696.923 0 0 0 0.836565 0.547868
606.651 -695.603 0 0 0 0.836011 0.548712
606.084 -694.294 0 0 0 0.819269 0.57341
605.641 -693.078 0 0 0 0.820207 0.572067
605.197 -691.874 0 0 0 0.850076 0.52666
604.68 -690.833 0 0 0 0.851279 0.524713
604.162 -689.804 0 0 0 0.928901 0.370328
603.164 -688.858 0 0 0 0.928128 0.372262
602.174 -687.911 0 0 0 0.928128 0.372262
